2023. 05. 30. (화) 17:44:56 KST 1: 0 0 0 0 0 0 2: 0 0 0 0 0 0 3: 0 0 0 0 0 0 4: 0 0 0 0 0 0 5: 0 0 0 0 0 0 6: 0 0 0 0 0 0 total: 0 0 0 0
2023. 05. 30. (화) 17:44:57 KST 1: 0 0 4 21 29 651264 2: 0 0 0 0 0 0 3: 0 0 0 0 0 0 4: 0 0 0 0 0 0 5: 0 0 0 0 0 0 6: 0 0 0 0 0 0 total: 0 21 29 651264
2023. 05. 30. (화) 17:44:58 KST 1: 0 0 0 21 29 651264 2: 0 0 0 0 0 0 3: 0 0 0 0 0 0 4: 0 0 0 0 0 0 5: 0 0 0 0 0 0 6: 0 0 0 0 0 0 total: 0 21 29 651264
2023. 05. 30. (화) 17:44:59 KST 1: 0 0 0 21 29 651264 2: 0 0 0 0 0 0 3: 0 0 0 0 0 0 4: 0 0 0 0 0 0 5: 0 0 0 0 0 0 6: 0 0 0 0 0 0 total: 0 21 29 651264
2023. 05. 30. (화) 17:45:00 KST 1: 0 0 2 233 242 23879680 2: 0 1 3 132 132 14868480 3: 0 0 0 0 0 0 4: 0 0 0 0 0 0 5: 0 0 2 85 85 9256960 6: 0 1 2 82 82 9592832 total: 2 532 541 57597952
2023. 05. 30. (화) 17:45:01 KST 1: 0 0 5 1724 1794 185925632 2: 0 0 4 1564 1596 167477248 3: 0 0 5 162 242 24494080 4: 0 0 2 113 113 11452416 5: 0 0 3 672 677 73261056 6: 0 0 3 531 533 59867136 total: 0 4766 4955 522477568
2023. 05. 30. (화) 17:45:02 KST 1: 0 0 6 3318 3547 366952448 2: 0 1 3 3104 3201 338608128 3: 0 2 4 428 640 66592768 4: 0 0 7 476 476 49569792 5: 0 0 2 740 746 80945152 6: 0 1 5 718 728 79282176 total: 4 8784 9338 981950464
2023. 05. 30. (화) 17:45:03 KST 1: 1 2 5 4822 5246 459194368 2: 0 0 3 4488 4660 418652160 3: 0 0 5 1096 1466 118632448 4: 0 0 3 633 634 54452224 5: 0 0 2 809 815 81674240 6: 0 0 5 1124 1153 122396672 total: 2 12972 13974 1255002112
2023. 05. 30. (화) 17:45:04 KST 1: 0 0 5 7271 7765 553648128 2: 0 3 5 6682 6925 508805120 3: 0 0 4 1604 2008 132444160 4: 0 0 3 826 827 67510272 5: 0 0 2 861 867 82558976 6: 0 0 3 1523 1554 145948672 total: 3 18767 19946 1490915328
2023. 05. 30. (화) 17:45:05 KST 1: 0 0 3 8637 9151 703336448 2: 0 1 6 8111 8377 667107328 3: 0 0 4 1661 2100 142651392 4: 0 1 4 1510 1523 142581760 5: 0 0 3 1019 1026 100556800 6: 0 0 4 1831 1864 179994624 total: 2 22769 24041 1936228352
2023. 05. 30. (화) 17:45:06 KST 1: 0 1 4 9118 9632 750743552 2: 0 1 3 8667 8936 721592320 3: 0 0 3 1673 2113 142790656 4: 0 1 3 1774 1789 167297024 5: 0 0 3 1148 1156 112418816 6: 0 0 2 1974 2007 194084864 total: 3 24354 25633 2088927232
2023. 05. 30. (화) 17:45:07 KST 1: 0 0 3 9721 10236 811139072 2: 0 1 5 9496 9769 814530560 3: 0 0 0 1673 2113 142790656 4: 0 0 3 2026 2041 192651264 5: 0 0 4 1352 1360 133193728 6: 0 0 2 2014 2047 198516736 total: 1 26282 27566 2292822016
2023. 05. 30. (화) 17:45:08 KST 1: 0 0 0 9721 10236 811139072 2: 0 2 2 13439 13727 1322909696 3: 0 0 0 1673 2113 142790656 4: 0 0 0 2026 2041 192651264 5: 0 0 0 1352 1360 133193728 6: 0 0 0 2014 2047 198516736 total: 2 30225 31524 2801201152
2023. 05. 30. (화) 17:45:09 KST 1: 0 0 3 12201 12719 954089472 2: 0 2 3 14716 15007 1439010816 3: 0 0 0 1673 2113 142790656 4: 0 0 0 2026 2041 192651264 5: 0 0 0 1352 1360 133193728 6: 0 0 0 2014 2047 198516736 total: 2 33982 35287 3060252672
2023. 05. 30. (화) 17:45:10 KST 1: 0 1 5 13414 13978 1034584064 2: 0 0 4 16798 17145 1618632704 3: 0 0 6 1983 2598 175460352 4: 0 0 5 2652 2686 235233280 5: 0 0 4 1404 1412 136634368 6: 0 0 4 2243 2276 214523904 total: 1 38494 40095 3415068672
2023. 05. 30. (화) 17:45:11 KST 1: 0 1 11 18868 19500 1353539584 2: 0 2 10 21816 22190 1908281344 3: 0 1 6 2069 2734 186753024 4: 0 0 10 5576 5617 395571200 5: 0 0 10 4001 4024 249937920 6: 0 0 8 3017 3051 250265600 total: 4 55347 57116 4344348672
2023. 05. 30. (화) 17:45:12 KST 1: 0 1 9 23727 24632 1779593216 2: 0 3 5 25435 25942 2217930752 3: 0 0 7 3191 4491 333414400 4: 0 0 4 6714 6756 494014464 5: 0 2 6 7592 7755 559931392 6: 0 1 5 4162 4196 340135936 total: 7 70821 73772 5725020160
2023. 05. 30. (화) 17:45:13 KST 1: 0 1 7 27764 28826 2083700736 2: 0 2 6 27915 28541 2412421120 3: 0 0 7 4234 6019 446550016 4: 0 0 6 8142 8184 606519296 5: 0 0 7 10735 11023 796254208 6: 0 0 18 4395 4429 348278784 total: 3 83185 87022 6693724160
2023. 05. 30. (화) 17:45:14 KST 1: 0 0 5 29361 30499 2199740416 2: 0 1 6 34174 34879 2583666688 3: 0 0 5 4977 7298 539054080 4: 0 0 0 8142 8184 606519296 5: 0 0 6 11910 12328 888860672 6: 0 0 5 4809 4861 380592128 total: 1 93373 98049 7198433280
2023. 05. 30. (화) 17:45:15 KST 1: 0 0 6 40329 41468 2307129344 2: 1 1 4 34774 35482 2593558528 3: 0 0 0 4977 7298 539054080 4: 0 0 0 8142 8184 606519296 5: 0 0 0 11910 12328 888860672 6: 0 0 0 4809 4861 380592128 total: 1 104941 109621 7315714048
2023. 05. 30. (화) 17:45:16 KST 1: 0 0 10 49662 51730 2482434048 2: 0 2 9 44199 45596 2750214144 3: 0 0 11 8287 12510 639672320 4: 0 0 6 8201 8243 607289344 5: 0 2 10 18262 18974 992243712 6: 0 0 10 6845 7244 408846336 total: 4 135456 144297 7880699904
2023. 05. 30. (화) 17:45:18 KST 1: 0 0 8 57520 59868 2595909632 2: 0 1 10 55033 57302 2911563776 3: 1 0 9 10664 15717 680542208 4: 0 0 9 11541 11699 655056896 5: 0 0 11 23882 24611 1071550464 6: 0 0 10 10949 11349 468443136 total: 1 169589 180546 8383066112
2023. 05. 30. (화) 17:45:19 KST 1: 0 0 6 61128 63544 2666205184 2: 0 0 5 58877 61609 2978762752 3: 0 0 5 14085 19236 740405248 4: 0 0 4 11653 11813 656629760 5: 0 0 3 23885 24614 1071599616 6: 0 7 7 10964 11364 468828160 total: 8 180593 192181 8582438912
2023. 05. 30. (화) 17:45:20 KST 1: 0 0 10 68695 71685 2875416576 2: 0 1 16 66756 70909 3216347136 3: 0 0 17 16102 23155 840241152 4: 0 0 12 15782 16215 767557632 5: 0 0 0 23885 24614 1071599616 6: 0 0 11 13617 14018 540323840 total: 1 204837 220596 9311485952
2023. 05. 30. (화) 17:45:21 KST 1: 0 3 16 78101 81566 3221446656 2: 0 0 14 74746 79020 3567181824 3: 0 0 9 18784 26443 984121344 4: 0 1 10 18980 19492 923877376 5: 0 0 9 25072 25803 1124704256 6: 0 0 11 16049 16454 614875136 total: 1 231732 248778 10436206592
2023. 05. 30. (화) 17:45:22 KST 1: 0 2 16 87548 91786 3610284032 2: 0 0 13 79624 84194 3760025600 3: 1 0 16 20211 29388 1091452928 4: 0 0 12 19725 20356 963977216 5: 0 0 14 29400 30344 1274028032 6: 0 0 12 18790 19388 737923072 total: 2 255298 275456 11437690880
2023. 05. 30. (화) 17:45:23 KST 1: 0 0 11 90797 95685 3746353152 2: 0 0 10 80508 85272 3792846848 3: 0 0 17 21761 32502 1194803200 4: 0 0 0 19725 20356 963977216 5: 0 0 11 30674 31702 1327013888 6: 0 0 12 22423 23537 879763456 total: 0 265888 289054 11904757760
2023. 05. 30. (화) 17:45:24 KST 1: 0 0 0 90797 95685 3746353152 2: 0 0 5 80509 85277 3792883712 3: 0 0 0 21761 32502 1194803200 4: 0 0 0 19725 20356 963977216 5: 0 0 0 30674 31702 1327013888 6: 0 0 0 22423 23537 879763456 total: 0 265889 289059 11904794624
2023. 05. 30. (화) 17:45:25 KST 1: 0 0 0 90797 95685 3746353152 2: 0 0 5 82760 87529 3819286528 3: 0 0 0 21761 32502 1194803200 4: 0 0 6 20204 20835 969109504 5: 0 0 0 30674 31702 1327013888 6: 0 0 0 22423 23537 879763456 total: 0 268619 291790 11936329728
2023. 05. 30. (화) 17:45:26 KST 1: 0 0 6 93869 98757 3789881344 2: 0 0 9 85627 90396 3852865536 3: 0 0 0 21761 32502 1194803200 4: 0 0 0 20204 20835 969109504 5: 0 0 0 30674 31702 1327013888 6: 0 0 0 22423 23537 879763456 total: 0 274558 297729 12013436928
2023. 05. 30. (화) 17:45:27 KST 1: 0 0 8 104734 109645 3930902528 2: 0 0 0 85627 90396 3852865536 3: 0 0 0 21761 32502 1194803200 4: 0 0 0 20204 20835 969109504 5: 0 0 0 30674 31702 1327013888 6: 0 0 0 22423 23537 879763456 total: 0 285423 308617 12154458112
2023. 05. 30. (화) 17:45:28 KST 1: 0 0 6 112017 116931 4041338880 2: 0 4 4 86264 91042 3888340992 3: 0 0 0 21761 32502 1194803200 4: 0 0 0 20204 20835 969109504 5: 0 0 0 30674 31702 1327013888 6: 0 0 0 22423 23537 879763456 total: 4 293343 316549 12300369920
2023. 05. 30. (화) 17:45:29 KST 1: 0 0 6 113097 118029 4113997824 2: 0 1 5 97702 102480 4045062144 3: 0 0 5 21812 32597 1202171904 4: 0 0 4 20678 21317 1002725376 5: 0 0 0 30674 31702 1327013888 6: 0 0 3 22518 23632 886546432 total: 1 306481 329757 12577517568
2023. 05. 30. (화) 17:45:30 KST 1: 0 0 5 116844 121776 4159467520 2: 0 0 7 108512 113291 4159496192 3: 0 0 0 21812 32597 1202171904 4: 0 0 0 20678 21317 1002725376 5: 0 0 0 30674 31702 1327013888 6: 0 0 0 22518 23632 886546432 total: 0 321038 344315 12737421312
2023. 05. 30. (화) 17:45:31 KST 1: 0 0 8 126353 131285 4280672256 2: 0 0 3 108519 113301 4159684608 3: 0 0 0 21812 32597 1202171904 4: 0 0 0 20678 21317 1002725376 5: 0 0 0 30674 31702 1327013888 6: 0 0 0 22518 23632 886546432 total: 0 330554 353834 12858814464
2023. 05. 30. (화) 17:45:32 KST 1: 0 0 9 137039 141973 4426825728 2: 0 0 0 108519 113301 4159684608 3: 0 0 0 21812 32597 1202171904 4: 0 0 0 20678 21317 1002725376 5: 0 0 0 30674 31702 1327013888 6: 0 0 0 22518 23632 886546432 total: 0 341240 364522 13004967936
2023. 05. 30. (화) 17:45:33 KST 1: 0 0 9 148803 153741 4583563264 2: 0 0 0 108519 113301 4159684608 3: 0 0 0 21812 32597 1202171904 4: 0 0 0 20678 21317 1002725376 5: 0 0 0 30674 31702 1327013888 6: 0 0 0 22518 23632 886546432 total: 0 353004 376290 13161705472
2023. 05. 30. (화) 17:45:34 KST 1: 0 0 8 164074 169012 4812664832 2: 0 0 0 108519 113301 4159684608 3: 0 0 0 21812 32597 1202171904 4: 0 0 0 20678 21317 1002725376 5: 0 0 0 30674 31702 1327013888 6: 0 0 0 22518 23632 886546432 total: 0 368275 391561 13390807040
2023. 05. 30. (화) 17:45:35 KST 1: 5 0 11 167598 172626 4872773632 2: 0 0 11 109759 114616 4183502848 3: 4 0 14 21863 32781 1205022720 4: 0 0 10 20778 21457 1005420544 5: 0 0 9 30773 31801 1328807936 6: 0 0 0 22518 23632 886546432 total: 0 373289 396913 13482074112
2023. 05. 30. (화) 17:45:36 KST 1: 0 0 13 173825 180036 5014286336 2: 0 1 12 116293 122170 4330475520 3: 0 0 27 23216 36822 1281376256 4: 0 0 15 23069 23849 1052041216 5: 0 0 15 34057 35537 1402896384 6: 0 0 12 25332 26758 946499584 total: 1 395792 425172 14027575296
2023. 05. 30. (화) 17:45:37 KST 1: 0 0 15 178624 186212 5142585344 2: 0 1 12 123580 131366 4525170688 3: 0 0 18 25572 43309 1411350528 4: 0 0 16 26362 27973 1137848320 5: 0 0 12 35135 36748 1430913024 6: 0 0 14 26849 28553 986238976 total: 1 416122 454161 14634106880
2023. 05. 30. (화) 17:45:38 KST 1: 0 0 12 185631 194157 5320851456 2: 0 1 13 129586 138198 4673843200 3: 0 0 16 26939 46652 1481560064 4: 0 0 10 27408 29021 1161953280 5: 0 4 12 37765 39696 1486098432 6: 0 0 12 29782 31920 1062408192 total: 5 437111 479644 15186714624
2023. 05. 30. (화) 17:45:39 KST 1: 0 0 12 194917 203884 5570748416 2: 0 0 11 135209 144067 4908032000 3: 0 4 16 27579 48035 1511145472 4: 0 0 9 28760 30375 1202556928 5: 0 0 11 40317 42372 1549828096 6: 0 0 0 29782 31920 1062408192 total: 4 456564 500653 15804719104
2023. 05. 30. (화) 17:45:40 KST 1: 0 2 15 201104 210983 5745090560 2: 0 0 13 137583 146674 4977455104 3: 0 0 17 28685 50456 1566760960 4: 0 0 7 29262 30877 1226395648 5: 0 0 12 42342 44569 1602203648 6: 0 0 12 35408 37742 1136140288 total: 2 474384 521301 16254046208
2023. 05. 30. (화) 17:45:41 KST 1: 0 0 6 219696 229576 5953253376 2: 0 0 19 138595 147759 5101486080 3: 0 0 0 28685 50456 1566760960 4: 0 0 0 29262 30877 1226395648 5: 0 0 0 42342 44569 1602203648 6: 0 0 0 35408 37742 1136140288 total: 1 493989 540980 16586264576
2023. 05. 30. (화) 17:45:42 KST 1: 0 0 4 221269 231149 5972729856 2: 0 1 6 153931 163097 5285220352 3: 0 0 0 28685 50456 1566760960 4: 0 0 0 29262 30877 1226395648 5: 0 0 0 42342 44569 1602203648 6: 0 0 0 35408 37742 1136140288 total: 1 510897 557890 16789450752
2023. 05. 30. (화) 17:45:43 KST 1: 0 0 5 221633 231514 5977911296 2: 0 0 7 160644 169810 5363015680 3: 0 0 0 28685 50456 1566760960 4: 0 0 0 29262 30877 1226395648 5: 0 0 0 42342 44569 1602203648 6: 0 0 0 35408 37742 1136140288 total: 0 517974 564968 16872427520
2023. 05. 30. (화) 17:45:44 KST 1: 0 0 13 227950 238281 6089953280 2: 0 0 11 166441 175906 5460922368 3: 0 0 13 29217 51591 1589854208 4: 0 0 2 29269 30884 1226502144 5: 0 0 9 42901 45157 1611911168 6: 0 0 0 35408 37742 1136140288 total: 0 531186 579561 17115283456
2023. 05. 30. (화) 17:45:45 KST 1: 0 0 16 234242 244597 6242115584 2: 0 0 7 170291 179767 5550080000 3: 0 0 0 29217 51591 1589854208 4: 0 0 8 31414 33037 1281421312 5: 0 0 16 43536 45792 1625882624 6: 0 0 7 35693 38027 1144954880 total: 0 544393 592811 17434308608
2023. 05. 30. (화) 17:45:46 KST 1: 0 0 10 243636 254026 6411268096 2: 0 0 7 174597 184078 5622824960 3: 0 0 0 29217 51591 1589854208 4: 0 0 9 31913 33536 1292595200 5: 0 0 11 47903 50163 1709379584 6: 0 0 8 36698 39034 1171259392 total: 0 563964 612428 17797181440
2023. 05. 30. (화) 17:45:47 KST 1: 0 1 10 252147 263318 6622380032 2: 0 1 10 183375 193175 5817081856 3: 0 0 13 32152 55877 1707806720 4: 0 0 16 33678 35306 1323110400 5: 0 0 15 51329 53593 1780944896 6: 0 0 13 41064 43713 1290174464 total: 2 593745 644982 18541498368
2023. 05. 30. (화) 17:45:48 KST 1: 0 0 5 252540 263753 6634364928 2: 0 0 4 183898 193772 5833981952 3: 0 0 7 32790 56905 1742356480 4: 0 0 7 34375 36081 1348714496 5: 0 0 0 51329 53593 1780944896 6: 0 0 0 41064 43713 1290174464 total: 0 595996 647817 18630537216
2023. 05. 30. (화) 17:45:49 KST 1: 0 0 5 255415 266689 6818328576 2: 0 0 4 187585 197557 6101495808 3: 0 0 5 33634 58125 1821028352 4: 0 0 4 36243 37990 1477378048 5: 0 0 0 51329 53593 1780944896 6: 0 0 5 41912 44596 1345290240 total: 0 606118 658550 19344465920
2023. 05. 30. (화) 17:45:50 KST 1: 0 0 12 260857 272655 6951628800 2: 0 3 15 196015 206593 6300512256 3: 0 0 19 34142 60136 1864302592 4: 0 5 14 38883 41091 1546096640 5: 0 6 11 52642 54909 1809022976 6: 0 0 0 41912 44596 1345290240 total: 14 624451 679980 19816853504
2023. 05. 30. (화) 17:45:51 KST 1: 0 1 13 266447 278713 7141105664 2: 0 0 17 203714 214857 6544359424 3: 0 1 16 34898 62348 1954295808 4: 0 2 15 43571 46205 1723518976 5: 0 0 11 55673 57941 1870299136 6: 0 1 9 44682 47553 1504251904 total: 5 648985 707617 20737830912
2023. 05. 30. (화) 17:45:52 KST 1: 0 0 11 269212 281992 7341277184 2: 0 1 11 207297 218656 6728302592 3: 0 0 13 36264 64981 2111070208 4: 0 0 9 46098 48859 1869643776 5: 0 0 12 56099 58458 1901834240 6: 0 0 11 49719 53092 1797660672 total: 1 664689 726038 21749788672
2023. 05. 30. (화) 17:45:53 KST 1: 0 1 7 272050 284983 7488303104 2: 0 2 13 213940 225735 7061221376 3: 0 0 11 37504 67268 2228637696 4: 0 0 7 46292 49053 1878949888 5: 0 0 13 60415 62866 2094034944 6: 0 0 10 51800 55408 1924411392 total: 3 682001 745313 22675558400
2023. 05. 30. (화) 17:45:54 KST 1: 0 0 5 272970 285904 7521013760 2: 0 1 11 222943 234741 7244242944 3: 0 0 0 37504 67268 2228637696 4: 0 0 0 46292 49053 1878949888 5: 0 0 15 62373 64825 2166378496 6: 0 0 0 51800 55408 1924411392 total: 1 693882 757199 22963634176
2023. 05. 30. (화) 17:45:55 KST 1: 0 0 2 272987 285922 7521300480 2: 0 0 5 231044 242844 7397818368 3: 0 0 0 37504 67268 2228637696 4: 0 0 0 46292 49053 1878949888 5: 0 0 0 62373 64825 2166378496 6: 0 0 0 51800 55408 1924411392 total: 0 702000 765320 23117496320
2023. 05. 30. (화) 17:45:56 KST 1: 0 0 7 276456 289396 7618015232 2: 0 0 0 231044 242844 7397818368 3: 0 0 0 37504 67268 2228637696 4: 0 0 0 46292 49053 1878949888 5: 0 0 0 62373 64825 2166378496 6: 0 0 0 51800 55408 1924411392 total: 0 705469 768794 23214211072
2023. 05. 30. (화) 17:45:57 KST 1: 0 0 6 280530 293471 7820124160 2: 0 1 1 231140 242940 7404142592 3: 0 0 0 37504 67268 2228637696 4: 0 0 0 46292 49053 1878949888 5: 0 0 0 62373 64825 2166378496 6: 0 0 0 51800 55408 1924411392 total: 1 709639 772965 23422644224
2023. 05. 30. (화) 17:45:58 KST 1: 0 0 0 280530 293471 7820124160 2: 0 1 6 236567 248370 7643914240 3: 0 0 0 37504 67268 2228637696 4: 0 0 0 46292 49053 1878949888 5: 0 0 0 62373 64825 2166378496 6: 0 0 0 51800 55408 1924411392 total: 1 715066 778395 23662415872
2023. 05. 30. (화) 17:45:59 KST 1: 0 0 0 280530 293471 7820124160 2: 0 0 6 241569 253380 7938031616 3: 0 0 0 37504 67268 2228637696 4: 0 0 0 46292 49053 1878949888 5: 0 0 0 62373 64825 2166378496 6: 0 0 0 51800 55408 1924411392 total: 0 720068 783405 23956533248
2023. 05. 30. (화) 17:46:00 KST 1: 0 0 0 280530 293471 7820124160 2: 0 0 0 241569 253380 7938031616 3: 0 0 0 37504 67268 2228637696 4: 0 0 0 46292 49053 1878949888 5: 0 0 0 62373 64825 2166378496 6: 0 0 0 51800 55408 1924411392 total: 0 720068 783405 23956533248
2023. 05. 30. (화) 17:46:01 KST 1: 0 0 0 280530 293471 7820124160 2: 0 0 1 241571 253382 7938060288 3: 0 0 0 37504 67268 2228637696 4: 0 0 0 46292 49053 1878949888 5: 0 0 0 62373 64825 2166378496 6: 0 0 0 51800 55408 1924411392 total: 0 720070 783407 23956561920
2023. 05. 30. (화) 17:46:02 KST 1: 0 0 4 281409 294351 7834120192 2: 0 0 0 241571 253382 7938060288 3: 0 0 0 37504 67268 2228637696 4: 0 0 0 46292 49053 1878949888 5: 0 0 0 62373 64825 2166378496 6: 0 0 0 51800 55408 1924411392 total: 0 720949 784287 23970557952
2023. 05. 30. (화) 17:46:03 KST 1: 0 0 16 291377 304325 8009388032 2: 0 3 19 257114 269075 8235835392 3: 0 0 14 37746 67664 2235273216 4: 0 0 9 46704 49466 1887272960 5: 0 0 11 70704 73227 2324344832 6: 0 0 8 52303 55911 1943289856 total: 3 755948 819668 24635404288
2023. 05. 30. (화) 17:46:04 KST 1: 0 0 23 304852 318016 8214142976 2: 0 0 26 274444 287897 8560140288 3: 0 1 16 39315 71535 2326847488 4: 0 0 14 51474 55034 2003734528 5: 0 0 11 72153 74912 2349625344 6: 0 1 12 57437 61891 2071285760 total: 2 799675 869285 25525776384
2023. 05. 30. (화) 17:46:05 KST 1: 0 0 10 308927 322875 8298889216 2: 0 0 14 281917 297764 8735895552 3: 0 0 15 41713 76772 2423005184 4: 0 0 11 52482 56342 2030272512 5: 0 0 13 74095 76946 2381996032 6: 0 0 9 58771 63303 2093494272 total: 0 817905 894002 25963552768
2023. 05. 30. (화) 17:46:06 KST 1: 0 0 4 309137 323094 8301416448 2: 0 0 3 282005 297852 8736772096 3: 0 0 2 41731 76790 2423177216 4: 0 0 0 52482 56342 2030272512 5: 0 0 2 74123 76974 2382258176 6: 0 0 5 58844 63376 2094247936 total: 0 818322 894428 25968144384
2023. 05. 30. (화) 17:46:07 KST 1: 0 0 5 310113 324100 8310784000 2: 0 0 6 283343 299226 8749277184 3: 0 0 5 42130 77244 2427392000 4: 0 0 6 53199 57063 2037112832 5: 0 0 0 74123 76974 2382258176 6: 0 0 4 59092 63624 2096562176 total: 0 822000 898231 26003386368
2023. 05. 30. (화) 17:46:08 KST 1: 0 0 0 310113 324100 8310784000 2: 0 0 8 283761 299687 8805588992 3: 0 0 0 42130 77244 2427392000 4: 0 0 0 53199 57063 2037112832 5: 0 0 0 74123 76974 2382258176 6: 0 0 0 59092 63624 2096562176 total: 0 822418 898692 26059698176
2023. 05. 30. (화) 17:46:09 KST 1: 0 0 0 310113 324100 8310784000 2: 0 0 0 283761 299687 8805588992 3: 0 0 0 42130 77244 2427392000 4: 0 0 0 53199 57063 2037112832 5: 0 0 0 74123 76974 2382258176 6: 0 0 0 59092 63624 2096562176 total: 0 822418 898692 26059698176
2023. 05. 30. (화) 17:46:10 KST 1: 0 0 1 310338 324325 8318615552 2: 0 0 2 283982 299909 8812843008 3: 0 0 0 42130 77244 2427392000 4: 0 0 1 53210 57074 2037727232 5: 0 0 0 74123 76974 2382258176 6: 0 0 1 59096 63628 2096603136 total: 0 822879 899154 26075439104
2023. 05. 30. (화) 17:46:11 KST 1: 0 0 2 311034 325022 8345190400 2: 0 0 2 284591 300518 8834719744 3: 0 0 2 42245 77360 2431307776 4: 0 0 2 53461 57325 2045231104 5: 0 0 0 74123 76974 2382258176 6: 0 0 1 59112 63644 2097274880 total: 0 824566 900843 26135982080
2023. 05. 30. (화) 17:46:12 KST 1: 0 0 1 311035 325023 8345198592 2: 0 0 0 284591 300518 8834719744 3: 0 0 0 42245 77360 2431307776 4: 0 0 0 53461 57325 2045231104 5: 0 0 0 74123 76974 2382258176 6: 0 0 0 59112 63644 2097274880 total: 0 824567 900844 26135990272
2023. 05. 30. (화) 17:46:13 KST 1: 0 0 0 311035 325023 8345198592 2: 0 0 0 284591 300518 8834719744 3: 0 0 0 42245 77360 2431307776 4: 0 0 0 53461 57325 2045231104 5: 0 0 0 74123 76974 2382258176 6: 0 0 0 59112 63644 2097274880 total: 0 824567 900844 26135990272
2023. 05. 30. (화) 17:46:14 KST 1: 0 0 0 311035 325023 8345198592 2: 0 0 16 286082 302144 9036075008 3: 0 0 0 42245 77360 2431307776 4: 0 0 0 53461 57325 2045231104 5: 0 0 0 74123 76974 2382258176 6: 0 0 0 59112 63644 2097274880 total: 0 826058 902470 26337345536
2023. 05. 30. (화) 17:46:15 KST 1: 0 0 0 311035 325023 8345198592 2: 0 0 121 288290 304550 9338085376 3: 0 0 0 42245 77360 2431307776 4: 0 0 0 53461 57325 2045231104 5: 0 0 0 74123 76974 2382258176 6: 0 0 0 59112 63644 2097274880 total: 0 828266 904876 26639355904
2023. 05. 30. (화) 17:46:16 KST 1: 0 0 0 311035 325023 8345198592 2: 0 0 32 289034 305362 9438818304 3: 0 0 0 42245 77360 2431307776 4: 0 0 0 53461 57325 2045231104 5: 0 0 0 74123 76974 2382258176 6: 0 0 0 59112 63644 2097274880 total: 0 829010 905688 26740088832
2023. 05. 30. (화) 17:46:17 KST 1: 0 0 31 311173 325169 8363429888 2: 0 0 116 292340 308959 9875877888 3: 0 0 10 42533 77724 2468982784 4: 0 0 0 53461 57325 2045231104 5: 0 0 0 74123 76974 2382258176 6: 0 0 1 59113 63645 2097283072 total: 0 832743 909796 27233062912
2023. 05. 30. (화) 17:46:18 KST 1: 0 0 2 312073 326071 8439107584 2: 0 0 3 293186 309809 9949016064 3: 0 0 3 42537 77731 2469900288 4: 0 0 2 53474 57338 2046132224 5: 0 0 2 74155 77006 2384568320 6: 0 0 0 59113 63645 2097283072 total: 0 834538 911600 27386007552
2023. 05. 30. (화) 17:46:19 KST 1: 0 0 2 312822 326825 8506576896 2: 0 0 3 293973 310607 10022891520 3: 0 0 0 42537 77731 2469900288 4: 0 0 3 53582 57448 2056298496 5: 0 0 3 74494 77345 2414665728 6: 0 0 0 59113 63645 2097283072 total: 0 836521 913601 27567616000
2023. 05. 30. (화) 17:46:20 KST 1: 0 0 3 313533 327553 8575963136 2: 8 6 19 296414 313459 10341056512 3: 0 0 27 42601 77865 2479702016 4: 0 0 3 53742 57611 2071126016 5: 0 0 0 74494 77345 2414665728 6: 0 0 3 59316 63851 2117689344 total: 6 840100 917684 28000202752
2023. 05. 30. (화) 17:46:21 KST 1: 0 0 3 314310 328345 8651304960 2: 0 0 57 298281 315834 10614640640 3: 0 0 4 42696 78028 2495086592 4: 0 0 0 53742 57611 2071126016 5: 0 0 0 74494 77345 2414665728 6: 0 0 0 59316 63851 2117689344 total: 0 842839 921014 28364513280
2023. 05. 30. (화) 17:46:22 KST 1: 0 0 2 315035 329071 8723517440 2: 0 0 0 298281 315834 10614640640 3: 0 0 0 42696 78028 2495086592 4: 0 0 0 53742 57611 2071126016 5: 0 0 0 74494 77345 2414665728 6: 0 0 0 59316 63851 2117689344 total: 0 843564 921740 28436725760
2023. 05. 30. (화) 17:46:23 KST 1: 0 0 0 315035 329071 8723517440 2: 0 0 0 298281 315834 10614640640 3: 0 0 0 42696 78028 2495086592 4: 0 0 0 53742 57611 2071126016 5: 0 0 0 74494 77345 2414665728 6: 0 0 0 59316 63851 2117689344 total: 0 843564 921740 28436725760
2023. 05. 30. (화) 17:46:24 KST 1: 0 0 9 316731 330771 8840392704 2: 0 0 7 299688 317244 10713804800 3: 0 0 0 42696 78028 2495086592 4: 0 0 6 54553 58426 2129969152 5: 0 0 7 75996 78850 2521198592 6: 0 0 5 59335 63870 2118705152 total: 0 848999 927189 28819156992
2023. 05. 30. (화) 17:46:25 KST 1: 0 0 1 316753 330793 8840581120 2: 0 0 1 299689 317245 10713812992 3: 0 0 1 42697 78029 2495094784 4: 0 0 0 54553 58426 2129969152 5: 0 0 0 75996 78850 2521198592 6: 0 0 0 59335 63870 2118705152 total: 0 849023 927213 28819361792
2023. 05. 30. (화) 17:46:26 KST 1: 0 0 1 316760 330800 8840638464 2: 0 0 1 299707 317263 10713960448 3: 0 0 1 42712 78044 2495217664 4: 0 0 1 54578 58451 2130173952 5: 0 0 0 75996 78850 2521198592 6: 0 0 0 59335 63870 2118705152 total: 0 849088 927278 28819894272
2023. 05. 30. (화) 17:46:27 KST 1: 0 0 2 317027 331067 8843640832 2: 0 0 2 299844 317400 10715402240 3: 0 0 0 42712 78044 2495217664 4: 0 0 1 54579 58452 2130182144 5: 0 0 4 76277 79131 2524372992 6: 0 0 0 59335 63870 2118705152 total: 0 849774 927964 28827521024
2023. 05. 30. (화) 17:46:28 KST 1: 0 0 6 317542 331582 8853155840 2: 0 1 3 300269 317825 10724184064 3: 0 0 0 42712 78044 2495217664 4: 0 0 4 54841 58715 2136981504 5: 0 0 1 76368 79222 2525282304 6: 0 0 0 59335 63870 2118705152 total: 1 851067 929258 28853526528
2023. 05. 30. (화) 17:46:29 KST 1: 0 0 7 318279 332372 8874016768 2: 0 0 4 300926 318495 10742964224 3: 0 0 5 43151 78562 2509873152 4: 0 0 1 54856 58730 2137104384 5: 0 0 0 76368 79222 2525282304 6: 0 0 1 59338 63873 2118729728 total: 0 852918 931254 28907970560
2023. 05. 30. (화) 17:46:30 KST 1: 0 0 3 318687 332781 8883400704 2: 0 0 4 301415 318984 10754580480 3: 0 0 3 43183 78598 2510258176 4: 0 0 1 54857 58731 2137112576 5: 0 0 0 76368 79222 2525282304 6: 0 0 4 60121 64656 2137198592 total: 0 854631 932972 28947832832
2023. 05. 30. (화) 17:46:31 KST 1: 0 0 3 318921 333015 8885575680 2: 0 1 3 301510 319079 10755461120 3: 0 0 0 43183 78598 2510258176 4: 0 0 0 54857 58731 2137112576 5: 0 0 0 76368 79222 2525282304 6: 0 0 3 60339 64874 2139107328 total: 1 855178 933519 28952797184
2023. 05. 30. (화) 17:46:32 KST 1: 0 0 4 320493 334587 8928878592 2: 0 1 4 303064 320633 10800050176 3: 0 0 0 43183 78598 2510258176 4: 0 0 0 54857 58731 2137112576 5: 0 0 0 76368 79222 2525282304 6: 0 0 0 60339 64874 2139107328 total: 1 858304 936645 29040689152
2023. 05. 30. (화) 17:46:33 KST 1: 0 0 4 321210 335305 8947281920 2: 0 0 3 303283 320852 10805211136 3: 0 0 4 43220 78644 2511904768 4: 0 0 0 54857 58731 2137112576 5: 0 0 4 76636 79496 2535092224 6: 0 0 0 60339 64874 2139107328 total: 0 859545 937902 29075709952
2023. 05. 30. (화) 17:46:34 KST 1: 0 0 2 321390 335485 8948916224 2: 0 0 3 303451 321020 10806874112 3: 0 0 4 43295 78726 2512674816 4: 0 0 0 54857 58731 2137112576 5: 0 0 3 76727 79587 2536001536 6: 0 0 0 60339 64874 2139107328 total: 0 860059 938423 29080686592
2023. 05. 30. (화) 17:46:35 KST 1: 0 0 8 322928 337044 8993820672 2: 0 0 5 304137 321707 10827837440 3: 0 0 3 43345 78780 2513158144 4: 0 0 4 55023 58897 2139766784 5: 0 0 5 77671 80532 2565107712 6: 0 0 0 60339 64874 2139107328 total: 0 863443 941834 29178798080
2023. 05. 30. (화) 17:46:36 KST 1: 0 0 5 324237 338353 9026670592 2: 0 0 4 304921 322491 10842529792 3: 0 0 0 43345 78780 2513158144 4: 0 0 4 55056 58930 2140848128 5: 0 0 0 77671 80532 2565107712 6: 0 0 0 60339 64874 2139107328 total: 0 865569 943960 29227421696
2023. 05. 30. (화) 17:46:37 KST 1: 0 0 4 325040 339168 9046233088 2: 0 0 4 306190 323780 10872016896 3: 0 0 9 43852 79400 2525536256 4: 0 0 0 55056 58930 2140848128 5: 0 0 4 77713 80574 2565476352 6: 0 0 5 60668 65214 2148048896 total: 0 868519 947066 29298159616
2023. 05. 30. (화) 17:46:38 KST 1: 0 0 5 325694 339868 9059852288 2: 0 0 8 307136 324757 10889609216 3: 0 0 9 44532 80438 2542596096 4: 0 0 0 55056 58930 2140848128 5: 0 0 0 77713 80574 2565476352 6: 0 0 9 60848 65399 2150191104 total: 0 870979 949966 29348573184
2023. 05. 30. (화) 17:46:39 KST 1: 0 0 6 328189 342368 9107283968 2: 0 0 9 308827 326449 10915225600 3: 0 0 9 44668 80734 2546290688 4: 0 0 0 55056 58930 2140848128 5: 0 0 8 78446 81307 2581159936 6: 0 0 0 60848 65399 2150191104 total: 0 876034 955187 29440999424
2023. 05. 30. (화) 17:46:40 KST 1: 0 0 6 330162 344342 9129771008 2: 0 1 5 310795 328417 10937851904 3: 0 0 0 44668 80734 2546290688 4: 0 0 0 55056 58930 2140848128 5: 0 0 0 78446 81307 2581159936 6: 0 0 0 60848 65399 2150191104 total: 1 879975 959129 29486112768
2023. 05. 30. (화) 17:46:41 KST 1: 0 0 5 332196 346415 9157386240 2: 0 1 6 312030 329675 10960224256 3: 0 0 11 45826 82954 2579689472 4: 0 0 5 55172 59046 2142347264 5: 0 0 10 78557 81425 2582577152 6: 0 0 0 60848 65399 2150191104 total: 1 884629 964914 29572415488
2023. 05. 30. (화) 17:46:42 KST 1: 0 0 6 334729 348968 9200992256 2: 0 1 11 313945 331627 11006529536 3: 0 0 13 46710 84452 2612924416 4: 0 0 9 55565 59441 2147770368 5: 0 0 9 78771 81639 2585018368 6: 0 0 10 60964 65519 2152370176 total: 1 890684 971646 29705605120
2023. 05. 30. (화) 17:46:43 KST 1: 0 0 6 337097 351337 9263812608 2: 0 0 7 316535 334219 11095109632 3: 0 0 13 47081 85225 2622451712 4: 0 0 8 56354 60230 2196094976 5: 0 0 6 78841 81709 2590109696 6: 0 0 6 61038 65593 2157776896 total: 0 896946 978313 29925355520
2023. 05. 30. (화) 17:46:44 KST 1: 0 0 10 339382 353644 9329299456 2: 6 0 9 321354 339049 11222896640 3: 0 0 16 47249 85772 2633662464 4: 0 0 10 57418 61295 2228944896 5: 0 0 10 79316 82185 2601881600 6: 0 0 10 61210 65765 2161897472 total: 0 905929 987710 30178582528
2023. 05. 30. (화) 17:46:45 KST 1: 0 0 8 340292 354554 9352441856 2: 0 0 12 324616 342348 11312758784 3: 0 0 19 47405 86415 2649665536 4: 0 4 11 58074 61951 2244067328 5: 0 0 14 80648 83518 2640175104 6: 0 0 12 61908 66463 2179870720 total: 4 912943 995249 30378979328
2023. 05. 30. (화) 17:46:46 KST 1: 0 1 10 341249 355527 9415290880 2: 0 0 8 325948 343729 11406254080 3: 0 0 11 47918 87423 2720976896 4: 0 0 7 58573 62450 2274742272 5: 0 0 8 81022 83910 2664136704 6: 0 0 9 62277 66833 2202513408 total: 1 916987 999872 30683914240
2023. 05. 30. (화) 17:46:47 KST 1: 0 0 8 342298 356653 9503850496 2: 0 0 5 326392 344191 11438989312 3: 1 0 8 48144 87842 2757427200 4: 0 0 5 58945 62822 2300387328 5: 0 0 13 81269 84219 2691166208 6: 0 0 8 63066 67622 2280124416 total: 0 920114 1003349 30971944960
2023. 05. 30. (화) 17:46:48 KST 1: 0 0 4 342987 357343 9556230144 2: 0 0 8 326866 344704 11481440256 3: 0 0 6 48219 87956 2769141760 4: 0 0 7 60374 64251 2424213504 5: 0 0 5 81781 84731 2728312832 6: 0 0 0 63066 67622 2280124416 total: 0 923293 1006607 31239462912
2023. 05. 30. (화) 17:46:49 KST 1: 0 0 5 344490 358848 9667575808 2: 0 2 5 328206 346045 11582062592 3: 0 0 7 48269 88062 2778259456 4: 0 0 8 60641 64518 2445352960 5: 0 0 7 82369 85321 2764337152 6: 0 0 7 63153 67709 2286350336 total: 2 927128 1010503 31523938304
2023. 05. 30. (화) 17:46:50 KST 1: 0 0 8 345477 359844 9755074560 2: 0 0 6 329319 347163 11681026048 3: 0 0 8 48373 88250 2795536384 4: 0 0 6 60916 64793 2474356736 5: 0 0 0 82369 85321 2764337152 6: 0 0 6 63262 67818 2296422400 total: 0 929716 1013189 31766753280
2023. 05. 30. (화) 17:46:51 KST 1: 0 0 4 346047 360414 9808826368 2: 0 0 4 329780 347638 11714834432 3: 0 0 4 48481 88390 2809892864 4: 0 0 0 60916 64793 2474356736 5: 0 0 7 82466 85418 2772217856 6: 0 0 3 63381 67939 2309722112 total: 0 931071 1014592 31889850368
2023. 05. 30. (화) 17:46:52 KST 1: 0 0 3 347043 361413 9861218304 2: 0 5 5 331047 348909 11817885696 3: 0 0 0 48481 88390 2809892864 4: 0 0 0 60916 64793 2474356736 5: 0 0 0 82466 85418 2772217856 6: 0 0 0 63381 67939 2309722112 total: 5 933334 1016862 32045293568
2023. 05. 30. (화) 17:46:53 KST 1: 0 0 10 347942 362473 9945845760 2: 0 4 11 332551 350819 11965075456 3: 0 1 13 49144 89971 2931302400 4: 0 0 0 60916 64793 2474356736 5: 0 2 13 83846 87078 2905702400 6: 0 6 9 64200 68864 2384318464 total: 13 938599 1023998 32606601216
2023. 05. 30. (화) 17:46:54 KST 1: 0 0 5 350847 365380 10003218432 2: 0 1 10 337425 356078 12197949440 3: 0 0 13 49636 91182 3017936896 4: 0 0 9 62111 66033 2554040320 5: 0 0 12 86742 90211 3075944448 6: 0 0 11 68971 73730 2573709312 total: 1 955732 1042614 33422798848
2023. 05. 30. (화) 17:46:55 KST 1: 0 0 9 355414 369948 10077798400 2: 0 0 7 339572 358226 12234739712 3: 0 0 0 49636 91182 3017936896 4: 0 0 0 62111 66033 2554040320 5: 0 0 0 86742 90211 3075944448 6: 0 0 11 71792 76551 2620194816 total: 0 965267 1052151 33580654592
2023. 05. 30. (화) 17:46:56 KST 1: 0 0 3 355551 370088 10087522304 2: 0 0 4 339619 358275 12235235328 3: 0 0 5 49638 91188 3018018816 4: 0 0 0 62111 66033 2554040320 5: 0 0 0 86742 90211 3075944448 6: 0 0 0 71792 76551 2620194816 total: 0 965453 1052346 33590956032
2023. 05. 30. (화) 17:46:57 KST 1: 0 0 0 355551 370088 10087522304 2: 0 0 0 339619 358275 12235235328 3: 0 0 0 49638 91188 3018018816 4: 0 0 0 62111 66033 2554040320 5: 0 0 0 86742 90211 3075944448 6: 0 0 0 71792 76551 2620194816 total: 0 965453 1052346 33590956032
2023. 05. 30. (화) 17:46:58 KST 1: 0 0 1 355553 370090 10087534592 2: 0 0 0 339619 358275 12235235328 3: 0 0 0 49638 91188 3018018816 4: 0 0 0 62111 66033 2554040320 5: 0 0 0 86742 90211 3075944448 6: 0 0 0 71792 76551 2620194816 total: 0 965455 1052348 33590968320
2023. 05. 30. (화) 17:46:59 KST 1: 0 0 0 355553 370090 10087534592 2: 0 0 13 341591 360459 12496203776 3: 0 0 0 49638 91188 3018018816 4: 0 0 0 62111 66033 2554040320 5: 0 0 0 86742 90211 3075944448 6: 0 0 0 71792 76551 2620194816 total: 0 967427 1054532 33851936768
2023. 05. 30. (화) 17:47:00 KST 1: 0 0 2 357760 372297 10105761792 2: 0 0 0 341591 360459 12496203776 3: 0 0 0 49638 91188 3018018816 4: 0 0 0 62111 66033 2554040320 5: 0 0 0 86742 90211 3075944448 6: 0 0 0 71792 76551 2620194816 total: 0 969634 1056739 33870163968
2023. 05. 30. (화) 17:47:01 KST 1: 0 0 5 361598 376135 10138857472 2: 0 0 5 348290 367158 12555001856 3: 0 0 0 49638 91188 3018018816 4: 0 0 0 62111 66033 2554040320 5: 0 0 0 86742 90211 3075944448 6: 0 0 0 71792 76551 2620194816 total: 0 980171 1067276 33962057728
2023. 05. 30. (화) 17:47:02 KST 1: 0 0 5 364202 378739 10168369152 2: 0 0 5 349116 367984 12562497536 3: 0 0 0 49638 91188 3018018816 4: 0 0 0 62111 66033 2554040320 5: 0 0 0 86742 90211 3075944448 6: 0 0 0 71792 76551 2620194816 total: 0 983601 1070706 33999065088
2023. 05. 30. (화) 17:47:03 KST 1: 0 0 3 366034 380571 10203119616 2: 0 0 1 349148 368016 12562759680 3: 0 0 2 49649 91199 3018108928 4: 0 0 1 62120 66042 2554114048 5: 0 0 1 86748 90217 3075993600 6: 0 0 1 71795 76554 2620219392 total: 0 985494 1072599 34034315264
2023. 05. 30. (화) 17:47:04 KST 1: 0 1 5 367239 381804 10295836672 2: 1 0 5 353971 372905 12734951424 3: 0 1 8 55185 97432 3183325184 4: 0 0 3 62514 66449 2583392256 5: 0 0 3 86801 90270 3079778304 6: 0 0 3 71967 76726 2632015872 total: 2 997677 1085586 34509299712
2023. 05. 30. (화) 17:47:05 KST 1: 0 0 13 372857 388696 10611363840 2: 0 4 12 359083 379347 12984061952 3: 0 0 16 62504 106745 3483725824 4: 0 0 12 64756 69361 2700324864 5: 0 0 9 87193 90752 3119333376 6: 0 0 11 73089 77869 2666102784 total: 4 1019482 1112770 35564912640
2023. 05. 30. (화) 17:47:05 KST 1: 0 0 3 372994 388838 10622414848 2: 0 0 6 360634 380956 13024759808 3: 0 0 6 62577 106868 3493490688 4: 0 0 4 64828 69433 2704928768 5: 0 0 0 87193 90752 3119333376 6: 0 0 0 73089 77869 2666102784 total: 0 1021315 1114716 35631030272
